Mon Nov 10 08:41:39 2025
1
1
100
30
466
65
-30
0
1
50
1
4
4
65
-30
1
151
322
0
3
3
3
60
30
1
30
0
48
1
50
-346
0
0
1.5
5
1
381
187
0
2
3
3
60
30
1
30
0
48
1
50
-230
0
0
1.5
5
1
226
20
0
2
3
3
60
30
1
30
0
48
1
50
-119
0
0
1.5
5
1
498
205
0
3
3
3
60
30
1
30
0
48
1
50
-13
0
0
1.5
5
0
0
0
0
0
10
0
20
10
0
0
0
0
1
50
0
0
0
5
0
0
0
0
0
0
10
0
20
10
0
0
0
0
1
50
0
0
0
5
0
0
0
0
0
0
10
0
20
10
0
0
0
0
1
50
0
0
0
5
0
0
0
0
0
0
10
0
20
10
0
0
0
0
1
50
0
0
0
5
0
0
0
0
0
0
10
0
20
10
0
0
0
0
1
50
0
0
0
5
0
0
0
0
0
0
10
0
20
10
0
0
0
0
1
50
0
0
0
5
0
0
0
0
0
0
10
0
20
10
0
0
0
0
1
50
0
0
0
5
0
0
0
0
0
0
10
0
20
10
0
0
0
0
1
50
0
0
0
5
0
0
0
0
0
0
10
0
20
10
0
0
0
0
1
50
0
0
0
5
0
0
0
0
0
0
10
0
20
10
0
0
0
0
1
50
0
0
0
5
0
0
0
0
0
0
10
0
20
10
0
0
0
0
1
50
0
0
0
5
0
0
0
0
0
0
10
0
20
10
0
0
0
0
1
50
0
0
0
5
0
0
0
0
0
0
10
0
20
10
0
0
0
0
1
50
0
0
0
5
0
0
0
0
0
0
10
0
20
10
0
0
0
0
1
50
0
0
0
5
0
0
0
0
0
0
10
0
20
10
0
0
0
0
1
50
0
0
0
5
0
0
0
0
0
0
10
0
20
10
0
0
0
0
1
50
0
0
0
5
0
0
0
0
0
0
10
0
20
10
0
0
0
0
1
50
0
0
0
5
0
0
0
0
0
0
10
0
20
10
0
0
0
0
1
50
0
0
0
5
0
0
0
0
0
0
10
0
20
10
0
0
0
0
1
50
0
0
0
5
0
0
0
0
0
0
10
0
20
10
0
0
0
0
1
50
0
0
0
5
0
0
0
0
0
0
10
0
20
10
0
0
0
0
1
50
0
0
0
5
0
0
0
0
0
0
10
0
20
10
0
0
0
0
1
50
0
0
0
5
0
0
0
0
0
0
10
0
20
10
0
0
0
0
1
50
0
0
0
5
0
0
0
0
0
0
10
0
20
10
0
0
0
0
1
50
0
0
0
5
0
0
0
0
0
0
10
0
20
10
0
0
0
0
1
50
0
0
0
5
0
0
0
0
0
0
10
0
20
10
0
0
0
0
1
50
0
0
0
5
0
0
0
0
0
0
10
0
20
10
0
0
0
0
1
50
0
0
0
5
0
0
0
0
0
0
10
0
20
10
0
0
0
0
1
50
0
0
0
5
0
0
0
0
0
0
10
0
20
10
0
0
0
0
1
50
0
0
0
5
0
0
0
0
0
0
10
0
20
10
0
0
0
0
1
50
0
0
0
5
0
0
0
0
0
0
10
0
20
10
0
0
0
0
1
50
0
0
0
5
0
0
0
0
0
0
10
0
20
10
0
0
0
0
1
50
0
0
0
5
0
0
0
0
0
0
10
0
20
10
0
0
0
0
1
50
0
0
0
5
0
0
0
0
0
0
10
0
20
10
0
0
0
0
1
50
0
0
0
5
0
0
0
0
0
0
10
0
20
10
0
0
0
0
1
50
0
0
0
5
0
0
0
0
0
0
10
0
20
10
0
0
0
0
1
50
0
0
0
5
0
1
83
-38
9.10046
-4.14507
1
0
90
88
1
362
-148
9.02083
-4.31562
1
0
90
57
0
252
80
9.02083
-4.31562
1
0
90
73
0
0
0
0
0
0
-842150451
90
0
0
0
0
0
0
0
-842150451
90
0
0
0
0
0
0
0
-842150451
90
0
0
0
0
0
0
0
-842150451
90
0
0
0
0
0
0
0
-842150451
90
0
0
0
0
0
0
0
-842150451
90
0
0
0
0
0
0
0
-842150451
90
0
0
0
0
0
0
0
-842150451
90
0
0
0
0
0
0
0
-842150451
90
0
0
0
0
0
0
0
-842150451
90
0
0
0
0
0
0
0
-842150451
90
0
0
0
0
0
0
0
-842150451
90
0
0
0
0
0
0
0
-842150451
90
0
0
0
0
0
0
0
-842150451
90
0
0
0
0
0
0
0
-842150451
90
0
0
0
0
0
0
0
-842150451
90
0
0
0
0
0
0
0
-842150451
90
0
0
0
0
0
0
0
-842150451
90
0
0
0
0
0
0
0
-842150451
90
0
0
0
0
0
0
0
-842150451
90
0
0
0
0
0
0
0
-842150451
90
0
0
0
0
0
0
0
-842150451
90
0
0
0
0
0
0
0
-842150451
90
0
0
0
0
0
0
0
-842150451
90
0
0
0
0
0
0
0
-842150451
90
0
0
0
0
0
0
0
-842150451
90
0
0
0
0
0
0
0
-842150451
90
0
0
0
0
0
0
0
-842150451
90
0
0
0
0
0
0
0
-842150451
90
0
0
0
0
0
0
0
-842150451
90
0
0
0
0
0
0
0
-842150451
90
0
0
0
0
0
0
0
-842150451
90
0
0
0
0
0
0
0
-842150451
90
0
0
0
0
0
0
0
-842150451
90
0
0
0
0
0
0
0
-842150451
90
0
0
0
0
0
0
0
-842150451
90
0
0
0
0
0
0
0
-842150451
90
0
0
0
0
0
0
0
-842150451
90
0
0
0
0
0
0
0
-842150451
90
0
0
0
0
0
0
0
-842150451
90
0
0
0
0
0
0
0
-842150451
90
0
0
0
0
0
0
0
-842150451
90
0
0
0
0
0
0
0
-842150451
90
0
0
0
0
0
0
0
-842150451
90
0
0
0
0
0
0
0
-842150451
90
0
0
0
0
0
0
0
-842150451
90
0
0
0
0
0
0
0
-842150451
90
0
0
0
0
0
0
0
-842150451
90
0
0
0
0
0
0
0
-842150451
90
0
0
0
0
0
0
0
-842150451
90
0
0
0
0
0
0
0
-842150451
90
0
0
0
0
0
0
0
-842150451
90
0
0
0
0
0
0
0
-842150451
90
0
0
0
0
0
0
0
-842150451
90
0
0
0
0
0
0
0
-842150451
90
0
0
0
0
0
0
0
-842150451
90
0
0
0
0
0
0
0
-842150451
90
0
0
0
0
0
0
0
-842150451
90
0
0
0
0
0
0
0
-842150451
90
0
0
0
0
0
0
0
-842150451
90
0
0
0
0
0
0
0
-842150451
90
0
0
0
0
0
0
0
-842150451
90
0
0
0
0
0
0
0
-842150451
90
0
0
0
0
0
0
0
-842150451
90
0
0
0
0
0
0
0
-842150451
90
0
0
0
0
0
0
0
-842150451
90
0
0
0
0
0
0
0
-842150451
90
0
0
0
0
0
0
0
-842150451
90
0
0
0
0
0
0
0
-842150451
90
0
0
0
0
0
0
0
-842150451
90
0
0
0
0
0
0
0
-842150451
90
0
0
0
0
0
0
0
-842150451
90
0
0
0
0
0
0
0
-842150451
90
0
0
0
0
0
0
0
-842150451
90
0
0
0
0
0
0
0
-842150451
90
0
0
0
0
0
0
0
-842150451
90
0
0
0
0
0
0
0
-842150451
90
0
0
0
0
0
0
0
-842150451
90
0
0
0
0
0
0
0
-842150451
90
0
0
0
0
0
0
0
-842150451
90
0
0
0
0
0
0
0
-842150451
90
0
0
0
0
0
0
0
-842150451
90
0
0
0
0
0
0
0
-842150451
90
0
0
0
0
0
0
0
-842150451
90
0
0
0
0
0
0
0
-842150451
90
0
0
0
0
0
0
0
-842150451
90
0
0
0
0
0
0
0
-842150451
90
0
0
0
0
0
0
0
-842150451
90
0
0
0
0
0
0
0
-842150451
90
0
0
0
0
0
0
0
-842150451
90
0
0
0
0
0
0
0
-842150451
90
0
0
0
0
0
0
0
-842150451
90
0
0
0
0
0
0
0
-842150451
90
0
0
0
0
0
0
0
-842150451
90
0
0
0
0
0
0
0
-842150451
90
0
0
0
0
0
0
0
-842150451
90
0
0
0
0
0
0
0
-842150451
90
0
